lemon    3617 4053 4033
banana   3287 4229 4230 4231 4232 4233 4234 4235 4236 3311 4678 4757 4011
broc     3082 3277 3320 4547 4060 4548 3160
peach    3113 3375 4399 4401 4402
eggplant 3089 3090 4081 4601 4602
grape    3043 3359 3360 4271 4272 4497 4499 4638 3092 3152 4636 3451
av       3080 3354 3509 4046 4221 4222 4223 4224 4225 4226 4227 4228 4770 4771
mango    3363 3364 4051 4311 4312 33653 3042
kiwi     3279 3280 3517 4030 4301
pumpkin  3130 3131 3132 3134 3135 4735
orange   4105 4327 3027 3109 3309 3310 3370 3371 3372 3373 4281 4382 4283 3038 3155 3153
tomato   3061 3145 3146 3147 3148 3149 3150 3151 3282 3335 3336 3423 3458 3512 4063 4064 4087 4664 4778 4796 4797 4798 4799 4800 4801 4802 4803 4804 4805 4806 4807 4808
blueberry 4240
bean     3048 3049 4066 4527 4528 4529 4530 4531 4532 4533 4534 4536 4908 4626
